Nombre d'éléments dans le tableau : 18
Contenu du tableau:        1  2  8  9  7  8  6  7  5  6  4  5  3  4  2  3  11  12 

nombre d'éléments distincts : 11 
Éléments distincts:        1  2  8  9  7  6  5  4  3  11  12 

 1  1  0  0  0  0  0  0  0  0  0 
TOUR 1: 
 0  0  1  1  0  0  0  0  0  0  0        1  1  0  0  0  0  0  0  0  0  0 
 0  0  1  0  1  0  0  0  0  0  0        1  1  0  0  0  0  0  0  0  0  0 
 0  0  0  0  1  1  0  0  0  0  0        1  1  0  0  0  0  0  0  0  0  0 
 0  0  0  0  0  1  1  0  0  0  0        1  1  0  0  0  0  0  0  0  0  0 
 0  0  0  0  0  0  1  1  0  0  0        1  1  0  0  0  0  0  0  0  0  0 
 0  0  0  0  0  0  0  1  1  0  0        1  1  0  0  0  0  0  0  0  0  0 
 0  1  0  0  0  0  0  0  1  0  0        1  1  0  0  0  0  0  0  1  0  0 
 0  0  0  0  0  0  0  0  0  1  1        1  1  0  0  0  0  0  0  1  0  0 

TOUR 2: 
 0  0  1  1  0  0  0  0  0  0  0        1  1  0  0  0  0  0  0  1  0  0 
 0  0  1  0  1  0  0  0  0  0  0        1  1  0  0  0  0  0  0  1  0  0 
 0  0  0  0  1  1  0  0  0  0  0        1  1  0  0  0  0  0  0  1  0  0 
 0  0  0  0  0  1  1  0  0  0  0        1  1  0  0  0  0  0  0  1  0  0 
 0  0  0  0  0  0  1  1  0  0  0        1  1  0  0  0  0  0  0  1  0  0 
 0  0  0  0  0  0  0  1  1  0  0        1  1  0  0  0  0  0  1  1  0  0 
 0  1  0  0  0  0  0  0  1  0  0        1  1  0  0  0  0  0  1  1  0  0 
 0  0  0  0  0  0  0  0  0  1  1        1  1  0  0  0  0  0  1  1  0  0 

TOUR 3: 
 0  0  1  1  0  0  0  0  0  0  0        1  1  0  0  0  0  0  1  1  0  0 
 0  0  1  0  1  0  0  0  0  0  0        1  1  0  0  0  0  0  1  1  0  0 
 0  0  0  0  1  1  0  0  0  0  0        1  1  0  0  0  0  0  1  1  0  0 
 0  0  0  0  0  1  1  0  0  0  0        1  1  0  0  0  0  0  1  1  0  0 
 0  0  0  0  0  0  1  1  0  0  0        1  1  0  0  0  0  1  1  1  0  0 
 0  0  0  0  0  0  0  1  1  0  0        1  1  0  0  0  0  1  1  1  0  0 
 0  1  0  0  0  0  0  0  1  0  0        1  1  0  0  0  0  1  1  1  0  0 
 0  0  0  0  0  0  0  0  0  1  1        1  1  0  0  0  0  1  1  1  0  0 

TOUR 4: 
 0  0  1  1  0  0  0  0  0  0  0        1  1  0  0  0  0  1  1  1  0  0 
 0  0  1  0  1  0  0  0  0  0  0        1  1  0  0  0  0  1  1  1  0  0 
 0  0  0  0  1  1  0  0  0  0  0        1  1  0  0  0  0  1  1  1  0  0 
 0  0  0  0  0  1  1  0  0  0  0        1  1  0  0  0  1  1  1  1  0  0 
 0  0  0  0  0  0  1  1  0  0  0        1  1  0  0  0  1  1  1  1  0  0 
 0  0  0  0  0  0  0  1  1  0  0        1  1  0  0  0  1  1  1  1  0  0 
 0  1  0  0  0  0  0  0  1  0  0        1  1  0  0  0  1  1  1  1  0  0 
 0  0  0  0  0  0  0  0  0  1  1        1  1  0  0  0  1  1  1  1  0  0 

TOUR 5: 
 0  0  1  1  0  0  0  0  0  0  0        1  1  0  0  0  1  1  1  1  0  0 
 0  0  1  0  1  0  0  0  0  0  0        1  1  0  0  0  1  1  1  1  0  0 
 0  0  0  0  1  1  0  0  0  0  0        1  1  0  0  1  1  1  1  1  0  0 
 0  0  0  0  0  1  1  0  0  0  0        1  1  0  0  1  1  1  1  1  0  0 
 0  0  0  0  0  0  1  1  0  0  0        1  1  0  0  1  1  1  1  1  0  0 
 0  0  0  0  0  0  0  1  1  0  0        1  1  0  0  1  1  1  1  1  0  0 
 0  1  0  0  0  0  0  0  1  0  0        1  1  0  0  1  1  1  1  1  0  0 
 0  0  0  0  0  0  0  0  0  1  1        1  1  0  0  1  1  1  1  1  0  0 

TOUR 6: 
 0  0  1  1  0  0  0  0  0  0  0        1  1  0  0  1  1  1  1  1  0  0 
 0  0  1  0  1  0  0  0  0  0  0        1  1  1  0  1  1  1  1  1  0  0 
 0  0  0  0  1  1  0  0  0  0  0        1  1  1  0  1  1  1  1  1  0  0 
 0  0  0  0  0  1  1  0  0  0  0        1  1  1  0  1  1  1  1  1  0  0 
 0  0  0  0  0  0  1  1  0  0  0        1  1  1  0  1  1  1  1  1  0  0 
 0  0  0  0  0  0  0  1  1  0  0        1  1  1  0  1  1  1  1  1  0  0 
 0  1  0  0  0  0  0  0  1  0  0        1  1  1  0  1  1  1  1  1  0  0 
 0  0  0  0  0  0  0  0  0  1  1        1  1  1  0  1  1  1  1  1  0  0 

TOUR 7: 
 0  0  1  1  0  0  0  0  0  0  0        1  1  1  1  1  1  1  1  1  0  0 
 0  0  1  0  1  0  0  0  0  0  0        1  1  1  1  1  1  1  1  1  0  0 
 0  0  0  0  1  1  0  0  0  0  0        1  1  1  1  1  1  1  1  1  0  0 
 0  0  0  0  0  1  1  0  0  0  0        1  1  1  1  1  1  1  1  1  0  0 
 0  0  0  0  0  0  1  1  0  0  0        1  1  1  1  1  1  1  1  1  0  0 
 0  0  0  0  0  0  0  1  1  0  0        1  1  1  1  1  1  1  1  1  0  0 
 0  1  0  0  0  0  0  0  1  0  0        1  1  1  1  1  1  1  1  1  0  0 
 0  0  0  0  0  0  0  0  0  1  1        1  1  1  1  1  1  1  1  1  0  0 

TOUR 8: 
 0  0  1  1  0  0  0  0  0  0  0        1  1  1  1  1  1  1  1  1  0  0 
 0  0  1  0  1  0  0  0  0  0  0        1  1  1  1  1  1  1  1  1  0  0 
 0  0  0  0  1  1  0  0  0  0  0        1  1  1  1  1  1  1  1  1  0  0 
 0  0  0  0  0  1  1  0  0  0  0        1  1  1  1  1  1  1  1  1  0  0 
 0  0  0  0  0  0  1  1  0  0  0        1  1  1  1  1  1  1  1  1  0  0 
 0  0  0  0  0  0  0  1  1  0  0        1  1  1  1  1  1  1  1  1  0  0 
 0  1  0  0  0  0  0  0  1  0  0        1  1  1  1  1  1  1  1  1  0  0 
 0  0  0  0  0  0  0  0  0  1  1        1  1  1  1  1  1  1  1  1  0  0 

 ce graphe n'est pas connexe 
